FILE     Re        alpha    C_L    C_D        CDp       CM     Top_Xtr    Bot_Xtr
NACA6409 50000  10.750   1.3244   0.04889   0.04050  -0.0722   0.2272   1.0000
NACA6409 100000   8.500   1.4553   0.02363   0.01663  -0.1185   0.4500   1.0000
NACA6409 200000   7.000   1.3668   0.01570   0.00901  -0.1317   0.4859   1.0000
NACA6409 500000   5.500   1.2337   0.01008   0.00460  -0.1373   0.4905   1.0000
NACA6409 1000000   5.000   1.1928   0.00790   0.00323  -0.1401   0.4601   1.0000
NACA6409 50000-n5   9.000   1.3491   0.03752   0.02872  -0.0981   0.4538   1.0000
NACA6409 100000-n5   6.000   1.2456   0.01955   0.01085  -0.1306   0.5428   1.0000
NACA6409 200000-n5   6.000   1.2603   0.01442   0.00719  -0.1319   0.4885   1.0000
NACA6409 500000-n5   5.000   1.1728   0.00989   0.00408  -0.1358   0.4590   1.0000
NACA6409 1000000-n5   4.750   1.1619   0.00805   0.00311  -0.1393   0.4251   1.0000
SG6043 50000   8.750   1.4379   0.03621   0.02729  -0.1235   0.4340   1.0000
SG6043 100000   7.000   1.3732   0.02066   0.01341  -0.1446   0.5637   1.0000
SG6043 200000   5.500   1.2878   0.01314   0.00707  -0.1592   0.6169   1.0000
SG6043 500000   3.500   1.1238   0.00786   0.00321  -0.1707   0.6595   1.0000
SG6043 1000000   2.500   1.0304   0.00588   0.00207  -0.1745   0.6480   1.0000
SG6043 50000-n5   8.000   1.2703   0.03349   0.02355  -0.1112   0.4662   1.0000
SG6043 100000-n5   6.000   1.2431   0.01895   0.01071  -0.1401   0.5500   1.0000
SG6043 200000-n5   4.250   1.1464   0.01210   0.00540  -0.1581   0.6046   1.0000
SG6043 500000-n5   2.250   0.9772   0.00753   0.00262  -0.1689   0.6379   1.0000
SG6043 1000000-n5   2.500   1.0036   0.00691   0.00235  -0.1689   0.5151   1.0000
